第一階段分配頻寬
編號	使用狀況旗標	服務類型	服務之頻寬	檔案大小
******************************************************
服務次數		服務數量
1		0

第一階段分配頻寬
編號	使用狀況旗標	服務類型	服務之頻寬	檔案大小
[0]	1	1	1000.000000	402
******************************************************
服務次數		服務數量
2		1

第一階段分配頻寬
編號	使用狀況旗標	服務類型	服務之頻寬	檔案大小
[0]	1	1	1000.000000	402
[1]	1	2	4000.000000	20403
******************************************************
服務次數		服務數量
3		2

第一階段分配頻寬
編號	使用狀況旗標	服務類型	服務之頻寬	檔案大小
[0]	1	1	1000.000000	402
[1]	1	2	4000.000000	20403
[2]	1	1	1000.000000	14404
******************************************************
服務次數		服務數量
4		3

第一階段分配頻寬
編號	使用狀況旗標	服務類型	服務之頻寬	檔案大小
[0]	1	1	1000.000000	402
[1]	1	2	4000.000000	20403
[2]	1	1	1000.000000	14404
[3]	1	1	1000.000000	10401
******************************************************
服務次數		服務數量
5		4

第一階段分配頻寬
編號	使用狀況旗標	服務類型	服務之頻寬	檔案大小
[0]	1	1	1000.000000	402
[1]	1	2	4000.000000	20403
[2]	1	1	1000.000000	14404
[3]	1	1	1000.000000	10401
[4]	1	2	3000.000000	12406
******************************************************
服務次數		服務數量
6		5

第一階段分配頻寬
編號	使用狀況旗標	服務類型	服務之頻寬	檔案大小
[1]	1	2	4000.000000	16403
[2]	1	1	1000.000000	13404
[3]	1	1	1000.000000	9401
[4]	1	2	3000.000000	9406
[5]	1	1	1000.000000	2400
******************************************************
服務次數		服務數量
8		5

第一階段分配頻寬
編號	使用狀況旗標	服務類型	服務之頻寬	檔案大小
[1]	1	2	4000.000000	4403
[2]	1	1	1000.000000	10404
[3]	1	1	1000.000000	6401
[4]	1	2	3000.000000	406
[6]	1	2	1000.000000	405
******************************************************
服務次數		服務數量
12		5

第一階段分配頻寬
編號	使用狀況旗標	服務類型	服務之頻寬	檔案大小
[1]	1	2	4000.000000	403
[2]	1	1	1000.000000	9404
[3]	1	1	1000.000000	5401
[7]	1	0	64.000000	-1
******************************************************
服務次數		服務數量
14		4

第一階段分配頻寬
編號	使用狀況旗標	服務類型	服務之頻寬	檔案大小
[1]	1	2	4000.000000	403
[2]	1	1	1000.000000	9404
[3]	1	1	1000.000000	5401
[7]	1	0	64.000000	-1
[8]	1	0	64.000000	-1
******************************************************
服務次數		服務數量
15		5

第一階段分配頻寬
編號	使用狀況旗標	服務類型	服務之頻寬	檔案大小
[1]	1	2	4000.000000	403
[2]	1	1	1000.000000	9404
[3]	1	1	1000.000000	5401
[7]	1	0	64.000000	-1
[8]	1	0	64.000000	-1
[9]	1	1	1000.000000	14403
******************************************************
服務次數		服務數量
16		6

第一階段分配頻寬
編號	使用狀況旗標	服務類型	服務之頻寬	檔案大小
[1]	1	2	4000.000000	403
[2]	1	1	1000.000000	9404
[3]	1	1	1000.000000	5401
[7]	1	0	64.000000	-1
[8]	1	0	64.000000	-1
[9]	1	1	1000.000000	14403
[10]	1	2	2872.000000	36406
******************************************************
服務次數		服務數量
17		7

第一階段分配頻寬
編號	使用狀況旗標	服務類型	服務之頻寬	檔案大小
[2]	1	1	1000.000000	8404
[3]	1	1	1000.000000	4401
[7]	1	0	64.000000	-1
[8]	1	0	64.000000	-1
[9]	1	1	1000.000000	13403
[10]	1	2	2872.000000	33534
[11]	1	0	64.000000	-1
******************************************************
服務次數		服務數量
19		7

第一階段分配頻寬
編號	使用狀況旗標	服務類型	服務之頻寬	檔案大小
[2]	1	1	1000.000000	8404
[3]	1	1	1000.000000	4401
[7]	1	0	64.000000	-1
[8]	1	0	64.000000	-1
[9]	1	1	1000.000000	13403
[10]	1	2	2872.000000	33534
[11]	1	0	64.000000	-1
[12]	1	2	3936.000000	8409
******************************************************
服務次數		服務數量
20		8

第一階段分配頻寬
編號	使用狀況旗標	服務類型	服務之頻寬	檔案大小
[2]	1	1	1000.000000	5404
[3]	1	1	1000.000000	1401
[7]	1	0	64.000000	-1
[9]	1	1	1000.000000	10403
[10]	1	2	2872.000000	24918
[11]	1	0	64.000000	-1
[13]	1	2	4000.000000	24405
******************************************************
服務次數		服務數量
23		7

第一階段分配頻寬
編號	使用狀況旗標	服務類型	服務之頻寬	檔案大小
[2]	1	1	1000.000000	3404
[7]	1	0	64.000000	-1
[9]	1	1	1000.000000	8403
[10]	1	2	2872.000000	19174
[11]	1	0	64.000000	-1
[13]	1	2	4000.000000	16405
[14]	1	2	1000.000000	4406
******************************************************
服務次數		服務數量
26		7

第一階段分配頻寬
編號	使用狀況旗標	服務類型	服務之頻寬	檔案大小
[7]	1	0	64.000000	-1
[9]	1	1	1000.000000	4403
[10]	1	2	2872.000000	7686
[11]	1	0	64.000000	-1
[13]	1	2	4000.000000	405
[14]	1	2	1000.000000	406
[15]	1	1	1000.000000	16404
******************************************************
服務次數		服務數量
31		7

第一階段分配頻寬
編號	使用狀況旗標	服務類型	服務之頻寬	檔案大小
[7]	1	0	64.000000	-1
[9]	1	1	1000.000000	3403
[10]	1	2	2872.000000	4814
[11]	1	0	64.000000	-1
[15]	1	1	1000.000000	15404
[16]	1	1	1000.000000	408
******************************************************
服務次數		服務數量
33		6

第一階段分配頻寬
編號	使用狀況旗標	服務類型	服務之頻寬	檔案大小
[7]	1	0	64.000000	-1
[9]	1	1	1000.000000	3403
[10]	1	2	2872.000000	4814
[11]	1	0	64.000000	-1
[15]	1	1	1000.000000	15404
[16]	1	1	1000.000000	408
[17]	1	0	64.000000	-1
******************************************************
服務次數		服務數量
34		7

第一階段分配頻寬
編號	使用狀況旗標	服務類型	服務之頻寬	檔案大小
[7]	1	0	64.000000	-1
[9]	1	1	1000.000000	3403
[10]	1	2	2872.000000	4814
[11]	1	0	64.000000	-1
[15]	1	1	1000.000000	15404
[16]	1	1	1000.000000	408
[17]	1	0	64.000000	-1
[18]	1	1	1000.000000	10402
******************************************************
服務次數		服務數量
35		8

第一階段分配頻寬
編號	使用狀況旗標	服務類型	服務之頻寬	檔案大小
[7]	1	0	64.000000	-1
[9]	1	1	1000.000000	3403
[10]	1	2	2872.000000	4814
[11]	1	0	64.000000	-1
[15]	1	1	1000.000000	15404
[16]	1	1	1000.000000	408
[17]	1	0	64.000000	-1
[18]	1	1	1000.000000	10402
[19]	1	0	64.000000	-1
******************************************************
服務次數		服務數量
36		9

第一階段分配頻寬
編號	使用狀況旗標	服務類型	服務之頻寬	檔案大小
[7]	1	0	64.000000	-1
[9]	1	1	1000.000000	3403
[10]	1	2	2872.000000	4814
[11]	1	0	64.000000	-1
[15]	1	1	1000.000000	15404
[16]	1	1	1000.000000	408
[17]	1	0	64.000000	-1
[18]	1	1	1000.000000	10402
[19]	1	0	64.000000	-1
[20]	1	2	2872.000000	400
******************************************************
服務次數		服務數量
37		10

第一階段分配頻寬
編號	使用狀況旗標	服務類型	服務之頻寬	檔案大小
[9]	1	1	1000.000000	2403
[10]	1	2	2872.000000	1942
[11]	1	0	64.000000	-1
[15]	1	1	1000.000000	14404
[17]	1	0	64.000000	-1
[18]	1	1	1000.000000	9402
[19]	1	0	64.000000	-1
[21]	1	1	1000.000000	401
******************************************************
服務次數		服務數量
39		8

第一階段分配頻寬
編號	使用狀況旗標	服務類型	服務之頻寬	檔案大小
[9]	1	1	1000.000000	1403
[11]	1	0	64.000000	-1
[15]	1	1	1000.000000	13404
[17]	1	0	64.000000	-1
[18]	1	1	1000.000000	8402
[19]	1	0	64.000000	-1
[22]	1	1	1000.000000	18405
******************************************************
服務次數		服務數量
40		7

第一階段分配頻寬
編號	使用狀況旗標	服務類型	服務之頻寬	檔案大小
[9]	1	1	1000.000000	1403
[11]	1	0	64.000000	-1
[15]	1	1	1000.000000	13404
[17]	1	0	64.000000	-1
[18]	1	1	1000.000000	8402
[19]	1	0	64.000000	-1
[22]	1	1	1000.000000	18405
[23]	1	0	64.000000	-1
******************************************************
服務次數		服務數量
41		8

第一階段分配頻寬
編號	使用狀況旗標	服務類型	服務之頻寬	檔案大小
[9]	1	1	1000.000000	1403
[11]	1	0	64.000000	-1
[15]	1	1	1000.000000	13404
[17]	1	0	64.000000	-1
[18]	1	1	1000.000000	8402
[19]	1	0	64.000000	-1
[22]	1	1	1000.000000	18405
[23]	1	0	64.000000	-1
[24]	1	2	4000.000000	32404
******************************************************
服務次數		服務數量
42		9

第一階段分配頻寬
編號	使用狀況旗標	服務類型	服務之頻寬	檔案大小
[9]	1	1	1000.000000	1403
[11]	1	0	64.000000	-1
[15]	1	1	1000.000000	13404
[17]	1	0	64.000000	-1
[18]	1	1	1000.000000	8402
[19]	1	0	64.000000	-1
[22]	1	1	1000.000000	18405
[23]	1	0	64.000000	-1
[24]	1	2	4000.000000	32404
[25]	1	0	64.000000	-1
******************************************************
服務次數		服務數量
43		10

第一階段分配頻寬
編號	使用狀況旗標	服務類型	服務之頻寬	檔案大小
[9]	1	1	1000.000000	1403
[11]	1	0	64.000000	-1
[15]	1	1	1000.000000	13404
[17]	1	0	64.000000	-1
[18]	1	1	1000.000000	8402
[19]	1	0	64.000000	-1
[22]	1	1	1000.000000	18405
[23]	1	0	64.000000	-1
[24]	1	2	4000.000000	32404
[25]	1	0	64.000000	-1
[26]	1	1	1000.000000	402
******************************************************
服務次數		服務數量
44		11

第一階段分配頻寬
編號	使用狀況旗標	服務類型	服務之頻寬	檔案大小
[9]	1	1	1000.000000	1403
[11]	1	0	64.000000	-1
[15]	1	1	1000.000000	13404
[17]	1	0	64.000000	-1
[18]	1	1	1000.000000	8402
[19]	1	0	64.000000	-1
[22]	1	1	1000.000000	18405
[23]	1	0	64.000000	-1
[24]	1	2	4000.000000	32404
[25]	1	0	64.000000	-1
[26]	1	1	1000.000000	402
[27]	1	1	680.000000	4406
******************************************************
服務次數		服務數量
45		12

第一階段分配頻寬
編號	使用狀況旗標	服務類型	服務之頻寬	檔案大小
[9]	1	1	1000.000000	403
[11]	1	0	64.000000	-1
[15]	1	1	1000.000000	12404
[17]	1	0	64.000000	-1
[18]	1	1	1000.000000	7402
[19]	1	0	64.000000	-1
[22]	1	1	1000.000000	17405
[24]	1	2	4000.000000	28404
[25]	1	0	64.000000	-1
[27]	1	1	680.000000	3726
[28]	1	0	64.000000	-1
******************************************************
服務次數		服務數量
47		11

第一階段分配頻寬
編號	使用狀況旗標	服務類型	服務之頻寬	檔案大小
[9]	1	1	1000.000000	403
[15]	1	1	1000.000000	12404
[17]	1	0	64.000000	-1
[18]	1	1	1000.000000	7402
[19]	1	0	64.000000	-1
[22]	1	1	1000.000000	17405
[24]	1	2	4000.000000	28404
[25]	1	0	64.000000	-1
[27]	1	1	680.000000	3726
[28]	1	0	64.000000	-1
[29]	1	0	64.000000	-1
******************************************************
服務次數		服務數量
48		11

第一階段分配頻寬
編號	使用狀況旗標	服務類型	服務之頻寬	檔案大小
[15]	1	1	1000.000000	11404
[17]	1	0	64.000000	-1
[18]	1	1	1000.000000	6402
[19]	1	0	64.000000	-1
[22]	1	1	1000.000000	16405
[24]	1	2	4000.000000	24404
[25]	1	0	64.000000	-1
[27]	1	1	680.000000	3046
[28]	1	0	64.000000	-1
[29]	1	0	64.000000	-1
[30]	1	0	64.000000	-1
******************************************************
服務次數		服務數量
49		11

第一階段分配頻寬
編號	使用狀況旗標	服務類型	服務之頻寬	檔案大小
[15]	1	1	1000.000000	11404
[17]	1	0	64.000000	-1
[18]	1	1	1000.000000	6402
[19]	1	0	64.000000	-1
[22]	1	1	1000.000000	16405
[24]	1	2	4000.000000	24404
[25]	1	0	64.000000	-1
[27]	1	1	680.000000	3046
[28]	1	0	64.000000	-1
[29]	1	0	64.000000	-1
[30]	1	0	64.000000	-1
[31]	1	0	64.000000	-1
******************************************************
服務次數		服務數量
50		12

第一階段分配頻寬
編號	使用狀況旗標	服務類型	服務之頻寬	檔案大小
[15]	1	1	1000.000000	11404
[17]	1	0	64.000000	-1
[18]	1	1	1000.000000	6402
[19]	1	0	64.000000	-1
[22]	1	1	1000.000000	16405
[24]	1	2	4000.000000	24404
[25]	1	0	64.000000	-1
[27]	1	1	680.000000	3046
[28]	1	0	64.000000	-1
[29]	1	0	64.000000	-1
[30]	1	0	64.000000	-1
[31]	1	0	64.000000	-1
[32]	1	1	1000.000000	18405
******************************************************
服務次數		服務數量
51		13

第一階段分配頻寬
編號	使用狀況旗標	服務類型	服務之頻寬	檔案大小
[15]	1	1	1000.000000	11404
[17]	1	0	64.000000	-1
[18]	1	1	1000.000000	6402
[19]	1	0	64.000000	-1
[22]	1	1	1000.000000	16405
[24]	1	2	4000.000000	24404
[25]	1	0	64.000000	-1
[27]	1	1	680.000000	3046
[28]	1	0	64.000000	-1
[29]	1	0	64.000000	-1
[30]	1	0	64.000000	-1
[31]	1	0	64.000000	-1
[32]	1	1	1000.000000	18405
[33]	1	1	872.000000	10402
******************************************************
服務次數		服務數量
52		14

第一階段分配頻寬
編號	使用狀況旗標	服務類型	服務之頻寬	檔案大小
[15]	1	1	1000.000000	10404
[17]	1	0	64.000000	-1
[18]	1	1	1000.000000	5402
[19]	1	0	64.000000	-1
[22]	1	1	1000.000000	15405
[24]	1	2	4000.000000	20404
[25]	1	0	64.000000	-1
[27]	1	1	680.000000	2366
[29]	1	0	64.000000	-1
[30]	1	0	64.000000	-1
[31]	1	0	64.000000	-1
[32]	1	1	1000.000000	17405
[33]	1	1	872.000000	9530
[34]	1	0	64.000000	-1
******************************************************
服務次數		服務數量
54		14

第一階段分配頻寬
編號	使用狀況旗標	服務類型	服務之頻寬	檔案大小
[15]	1	1	1000.000000	6404
[18]	1	1	1000.000000	1402
[19]	1	0	64.000000	-1
[22]	1	1	1000.000000	11405
[24]	1	2	4000.000000	4404
[25]	1	0	64.000000	-1
[29]	1	0	64.000000	-1
[30]	1	0	64.000000	-1
[31]	1	0	64.000000	-1
[32]	1	1	1000.000000	13405
[33]	1	1	872.000000	6042
[35]	1	2	808.000000	36407
******************************************************
服務次數		服務數量
59		12

第一階段分配頻寬
編號	使用狀況旗標	服務類型	服務之頻寬	檔案大小
[15]	1	1	1000.000000	5404
[18]	1	1	1000.000000	402
[19]	1	0	64.000000	-1
[22]	1	1	1000.000000	10405
[24]	1	2	4000.000000	404
[25]	1	0	64.000000	-1
[30]	1	0	64.000000	-1
[31]	1	0	64.000000	-1
[32]	1	1	1000.000000	12405
[33]	1	1	872.000000	5170
[35]	1	2	808.000000	35599
[36]	1	1	64.000000	16402
******************************************************
服務次數		服務數量
60		12

第一階段分配頻寬
編號	使用狀況旗標	服務類型	服務之頻寬	檔案大小
[15]	1	1	1000.000000	4404
[19]	1	0	64.000000	-1
[22]	1	1	1000.000000	9405
[25]	1	0	64.000000	-1
[30]	1	0	64.000000	-1
[31]	1	0	64.000000	-1
[32]	1	1	1000.000000	11405
[33]	1	1	872.000000	4298
[35]	1	2	808.000000	34791
[36]	1	1	64.000000	16338
[37]	1	0	64.000000	-1
******************************************************
服務次數		服務數量
62		11

第一階段分配頻寬
編號	使用狀況旗標	服務類型	服務之頻寬	檔案大小
[15]	1	1	1000.000000	4404
[19]	1	0	64.000000	-1
[22]	1	1	1000.000000	9405
[25]	1	0	64.000000	-1
[31]	1	0	64.000000	-1
[32]	1	1	1000.000000	11405
[33]	1	1	872.000000	4298
[35]	1	2	808.000000	34791
[36]	1	1	64.000000	16338
[37]	1	0	64.000000	-1
[38]	1	2	4000.000000	36406
******************************************************
服務次數		服務數量
63		11

第一階段分配頻寬
編號	使用狀況旗標	服務類型	服務之頻寬	檔案大小
[15]	1	1	1000.000000	4404
[19]	1	0	64.000000	-1
[22]	1	1	1000.000000	9405
[25]	1	0	64.000000	-1
[31]	1	0	64.000000	-1
[32]	1	1	1000.000000	11405
[33]	1	1	872.000000	4298
[35]	1	2	808.000000	34791
[36]	1	1	64.000000	16338
[38]	1	2	4000.000000	36406
[39]	1	1	1000.000000	2406
******************************************************
服務次數		服務數量
64		11

第一階段分配頻寬
編號	使用狀況旗標	服務類型	服務之頻寬	檔案大小
[15]	1	1	1000.000000	4404
[19]	1	0	64.000000	-1
[22]	1	1	1000.000000	9405
[25]	1	0	64.000000	-1
[31]	1	0	64.000000	-1
[32]	1	1	1000.000000	11405
[33]	1	1	872.000000	4298
[35]	1	2	808.000000	34791
[36]	1	1	64.000000	16338
[38]	1	2	4000.000000	36406
[39]	1	1	1000.000000	2406
[40]	1	1	64.000000	407
******************************************************
服務次數		服務數量
65		12

第一階段分配頻寬
編號	使用狀況旗標	服務類型	服務之頻寬	檔案大小
[15]	1	1	1000.000000	1404
[22]	1	1	1000.000000	6405
[25]	1	0	64.000000	-1
[31]	1	0	64.000000	-1
[32]	1	1	1000.000000	8405
[33]	1	1	872.000000	1682
[35]	1	2	808.000000	32367
[36]	1	1	64.000000	16146
[38]	1	2	4000.000000	24406
[40]	1	1	64.000000	215
[41]	1	2	1064.000000	405
******************************************************
服務次數		服務數量
69		11

第一階段分配頻寬
編號	使用狀況旗標	服務類型	服務之頻寬	檔案大小
[15]	1	1	1000.000000	404
[22]	1	1	1000.000000	5405
[31]	1	0	64.000000	-1
[32]	1	1	1000.000000	7405
[33]	1	1	872.000000	810
[35]	1	2	808.000000	31559
[36]	1	1	64.000000	16082
[38]	1	2	4000.000000	20406
[40]	1	1	64.000000	151
[42]	1	1	1000.000000	8405
******************************************************
服務次數		服務數量
71		10

第一階段分配頻寬
編號	使用狀況旗標	服務類型	服務之頻寬	檔案大小
[22]	1	1	1000.000000	4405
[31]	1	0	64.000000	-1
[32]	1	1	1000.000000	6405
[35]	1	2	808.000000	30751
[36]	1	1	64.000000	16018
[38]	1	2	4000.000000	16406
[40]	1	1	64.000000	87
[42]	1	1	1000.000000	7405
[43]	1	0	64.000000	-1
******************************************************
服務次數		服務數量
72		9

第一階段分配頻寬
編號	使用狀況旗標	服務類型	服務之頻寬	檔案大小
[22]	1	1	1000.000000	4405
[31]	1	0	64.000000	-1
[32]	1	1	1000.000000	6405
[35]	1	2	808.000000	30751
[36]	1	1	64.000000	16018
[38]	1	2	4000.000000	16406
[40]	1	1	64.000000	87
[42]	1	1	1000.000000	7405
[43]	1	0	64.000000	-1
[44]	1	2	1936.000000	4407
******************************************************
服務次數		服務數量
73		10

第一階段分配頻寬
編號	使用狀況旗標	服務類型	服務之頻寬	檔案大小
[22]	1	1	1000.000000	2405
[31]	1	0	64.000000	-1
[32]	1	1	1000.000000	4405
[35]	1	2	808.000000	29135
[36]	1	1	64.000000	15890
[38]	1	2	4000.000000	8406
[42]	1	1	1000.000000	5405
[43]	1	0	64.000000	-1
[44]	1	2	1936.000000	535
[45]	1	1	64.000000	10404
******************************************************
服務次數		服務數量
76		10

第一階段分配頻寬
編號	使用狀況旗標	服務類型	服務之頻寬	檔案大小
[22]	1	1	1000.000000	1405
[31]	1	0	64.000000	-1
[32]	1	1	1000.000000	3405
[35]	1	2	808.000000	28327
[36]	1	1	64.000000	15826
[38]	1	2	4000.000000	4406
[42]	1	1	1000.000000	4405
[45]	1	1	64.000000	10340
[46]	1	2	2000.000000	28403
******************************************************
服務次數		服務數量
78		9

第一階段分配頻寬
編號	使用狀況旗標	服務類型	服務之頻寬	檔案大小
[31]	1	0	64.000000	-1
[32]	1	1	1000.000000	1405
[35]	1	2	808.000000	26711
[36]	1	1	64.000000	15698
[42]	1	1	1000.000000	2405
[45]	1	1	64.000000	10212
[46]	1	2	2000.000000	24403
[47]	1	0	64.000000	-1
******************************************************
服務次數		服務數量
81		8

第一階段分配頻寬
編號	使用狀況旗標	服務類型	服務之頻寬	檔案大小
[31]	1	0	64.000000	-1
[32]	1	1	1000.000000	405
[35]	1	2	808.000000	25903
[36]	1	1	64.000000	15634
[42]	1	1	1000.000000	1405
[45]	1	1	64.000000	10148
[46]	1	2	2000.000000	22403
[47]	1	0	64.000000	-1
[48]	1	0	64.000000	-1
******************************************************
服務次數		服務數量
82		9

第一階段分配頻寬
編號	使用狀況旗標	服務類型	服務之頻寬	檔案大小
[31]	1	0	64.000000	-1
[32]	1	1	1000.000000	405
[35]	1	2	808.000000	25903
[36]	1	1	64.000000	15634
[42]	1	1	1000.000000	1405
[45]	1	1	64.000000	10148
[46]	1	2	2000.000000	22403
[47]	1	0	64.000000	-1
[48]	1	0	64.000000	-1
[49]	1	0	64.000000	-1
******************************************************
服務次數		服務數量
83		10

第一階段分配頻寬
編號	使用狀況旗標	服務類型	服務之頻寬	檔案大小
[31]	1	0	64.000000	-1
[32]	1	1	1000.000000	405
[35]	1	2	808.000000	25903
[36]	1	1	64.000000	15634
[42]	1	1	1000.000000	1405
[45]	1	1	64.000000	10148
[46]	1	2	2000.000000	22403
[47]	1	0	64.000000	-1
[48]	1	0	64.000000	-1
[49]	1	0	64.000000	-1
[50]	1	2	4000.000000	403
******************************************************
服務次數		服務數量
84		11

第一階段分配頻寬
編號	使用狀況旗標	服務類型	服務之頻寬	檔案大小
[31]	1	0	64.000000	-1
[32]	1	1	1000.000000	405
[35]	1	2	808.000000	25903
[36]	1	1	64.000000	15634
[42]	1	1	1000.000000	1405
[45]	1	1	64.000000	10148
[46]	1	2	2000.000000	22403
[47]	1	0	64.000000	-1
[48]	1	0	64.000000	-1
[49]	1	0	64.000000	-1
[50]	1	2	4000.000000	403
[51]	1	1	808.000000	10406
******************************************************
服務次數		服務數量
85		12

第一階段分配頻寬
編號	使用狀況旗標	服務類型	服務之頻寬	檔案大小
[31]	1	0	64.000000	-1
[32]	1	1	1000.000000	405
[35]	1	2	808.000000	25903
[36]	1	1	64.000000	15634
[42]	1	1	1000.000000	1405
[45]	1	1	64.000000	10148
[46]	1	2	2000.000000	22403
[47]	1	0	64.000000	-1
[49]	1	0	64.000000	-1
[50]	1	2	4000.000000	403
[51]	1	1	808.000000	10406
[52]	1	1	64.000000	12405
******************************************************
服務次數		服務數量
86		12

第一階段分配頻寬
編號	使用狀況旗標	服務類型	服務之頻寬	檔案大小
[31]	1	0	64.000000	-1
[35]	1	2	808.000000	25095
[36]	1	1	64.000000	15570
[42]	1	1	1000.000000	405
[45]	1	1	64.000000	10084
[46]	1	2	2000.000000	20403
[47]	1	0	64.000000	-1
[49]	1	0	64.000000	-1
[51]	1	1	808.000000	9598
[52]	1	1	64.000000	12341
[53]	1	1	1000.000000	14409
******************************************************
服務次數		服務數量
88		11

第一階段分配頻寬
編號	使用狀況旗標	服務類型	服務之頻寬	檔案大小
[31]	1	0	64.000000	-1
[35]	1	2	808.000000	24287
[36]	1	1	64.000000	15506
[45]	1	1	64.000000	10020
[46]	1	2	2000.000000	18403
[47]	1	0	64.000000	-1
[49]	1	0	64.000000	-1
[51]	1	1	808.000000	8790
[52]	1	1	64.000000	12277
[53]	1	1	1000.000000	13409
[54]	1	2	4000.000000	16405
******************************************************
服務次數		服務數量
89		11

第一階段分配頻寬
編號	使用狀況旗標	服務類型	服務之頻寬	檔案大小
[31]	1	0	64.000000	-1
[35]	1	2	808.000000	24287
[36]	1	1	64.000000	15506
[45]	1	1	64.000000	10020
[46]	1	2	2000.000000	18403
[47]	1	0	64.000000	-1
[49]	1	0	64.000000	-1
[51]	1	1	808.000000	8790
[52]	1	1	64.000000	12277
[53]	1	1	1000.000000	13409
[54]	1	2	4000.000000	16405
[55]	1	1	1000.000000	16405
******************************************************
服務次數		服務數量
90		12

第一階段分配頻寬
編號	使用狀況旗標	服務類型	服務之頻寬	檔案大小
[31]	1	0	64.000000	-1
[35]	1	2	808.000000	24287
[36]	1	1	64.000000	15506
[45]	1	1	64.000000	10020
[46]	1	2	2000.000000	18403
[49]	1	0	64.000000	-1
[51]	1	1	808.000000	8790
[52]	1	1	64.000000	12277
[53]	1	1	1000.000000	13409
[54]	1	2	4000.000000	16405
[55]	1	1	1000.000000	16405
[56]	1	0	64.000000	-1
******************************************************
服務次數		服務數量
91		12

第一階段分配頻寬
編號	使用狀況旗標	服務類型	服務之頻寬	檔案大小
[31]	1	0	64.000000	-1
[35]	1	2	808.000000	23479
[36]	1	1	64.000000	15442
[45]	1	1	64.000000	9956
[46]	1	2	2000.000000	16403
[51]	1	1	808.000000	7982
[52]	1	1	64.000000	12213
[53]	1	1	1000.000000	12409
[54]	1	2	4000.000000	12405
[55]	1	1	1000.000000	15405
[56]	1	0	64.000000	-1
[57]	1	1	64.000000	18402
******************************************************
服務次數		服務數量
93		12

第一階段分配頻寬
編號	使用狀況旗標	服務類型	服務之頻寬	檔案大小
[35]	1	2	808.000000	22671
[36]	1	1	64.000000	15378
[45]	1	1	64.000000	9892
[46]	1	2	2000.000000	14403
[51]	1	1	808.000000	7174
[52]	1	1	64.000000	12149
[53]	1	1	1000.000000	11409
[54]	1	2	4000.000000	8405
[55]	1	1	1000.000000	14405
[56]	1	0	64.000000	-1
[57]	1	1	64.000000	18338
[58]	1	0	64.000000	-1
******************************************************
服務次數		服務數量
94		12

第一階段分配頻寬
編號	使用狀況旗標	服務類型	服務之頻寬	檔案大小
[35]	1	2	808.000000	22671
[36]	1	1	64.000000	15378
[45]	1	1	64.000000	9892
[46]	1	2	2000.000000	14403
[51]	1	1	808.000000	7174
[52]	1	1	64.000000	12149
[53]	1	1	1000.000000	11409
[54]	1	2	4000.000000	8405
[55]	1	1	1000.000000	14405
[56]	1	0	64.000000	-1
[57]	1	1	64.000000	18338
[59]	1	0	64.000000	-1
******************************************************
服務次數		服務數量
95		12

第一階段分配頻寬
編號	使用狀況旗標	服務類型	服務之頻寬	檔案大小
[35]	1	2	808.000000	20247
[36]	1	1	64.000000	15186
[45]	1	1	64.000000	9700
[46]	1	2	2000.000000	8403
[51]	1	1	808.000000	4750
[52]	1	1	64.000000	11957
[53]	1	1	1000.000000	8409
[55]	1	1	1000.000000	11405
[56]	1	0	64.000000	-1
[57]	1	1	64.000000	18146
[59]	1	0	64.000000	-1
[60]	1	0	64.000000	-1
******************************************************
服務次數		服務數量
99		12

第一階段分配頻寬
編號	使用狀況旗標	服務類型	服務之頻寬	檔案大小
[35]	1	2	808.000000	20247
[36]	1	1	64.000000	15186
[45]	1	1	64.000000	9700
[46]	1	2	2000.000000	8403
[51]	1	1	808.000000	4750
[52]	1	1	64.000000	11957
[53]	1	1	1000.000000	8409
[55]	1	1	1000.000000	11405
[57]	1	1	64.000000	18146
[59]	1	0	64.000000	-1
[60]	1	0	64.000000	-1
[61]	1	1	1000.000000	10406
******************************************************
服務次數		服務數量
100		12

第一階段分配頻寬
編號	使用狀況旗標	服務類型	服務之頻寬	檔案大小
[35]	1	2	808.000000	20247
[36]	1	1	64.000000	15186
[45]	1	1	64.000000	9700
[46]	1	2	2000.000000	8403
[51]	1	1	808.000000	4750
[52]	1	1	64.000000	11957
[53]	1	1	1000.000000	8409
[55]	1	1	1000.000000	11405
[57]	1	1	64.000000	18146
[59]	1	0	64.000000	-1
[60]	1	0	64.000000	-1
[61]	1	1	1000.000000	10406
[62]	1	2	3000.000000	28409
******************************************************
服務次數		服務數量
101		13

第一階段分配頻寬
編號	使用狀況旗標	服務類型	服務之頻寬	檔案大小
[35]	1	2	808.000000	16207
[36]	1	1	64.000000	14866
[45]	1	1	64.000000	9380
[51]	1	1	808.000000	710
[52]	1	1	64.000000	11637
[53]	1	1	1000.000000	3409
[55]	1	1	1000.000000	6405
[57]	1	1	64.000000	17826
[59]	1	0	64.000000	-1
[60]	1	0	64.000000	-1
[61]	1	1	1000.000000	5406
[62]	1	2	3000.000000	13409
[63]	1	2	2000.000000	16400
******************************************************
服務次數		服務數量
106		13

第一階段分配頻寬
編號	使用狀況旗標	服務類型	服務之頻寬	檔案大小
[35]	1	2	808.000000	15399
[36]	1	1	64.000000	14802
[45]	1	1	64.000000	9316
[52]	1	1	64.000000	11573
[53]	1	1	1000.000000	2409
[55]	1	1	1000.000000	5405
[57]	1	1	64.000000	17762
[59]	1	0	64.000000	-1
[60]	1	0	64.000000	-1
[61]	1	1	1000.000000	4406
[62]	1	2	3000.000000	10409
[63]	1	2	2000.000000	14400
[64]	1	0	64.000000	-1
******************************************************
服務次數		服務數量
108		13

第一階段分配頻寬
編號	使用狀況旗標	服務類型	服務之頻寬	檔案大小
[35]	1	2	808.000000	15399
[36]	1	1	64.000000	14802
[45]	1	1	64.000000	9316
[52]	1	1	64.000000	11573
[53]	1	1	1000.000000	2409
[55]	1	1	1000.000000	5405
[57]	1	1	64.000000	17762
[59]	1	0	64.000000	-1
[60]	1	0	64.000000	-1
[61]	1	1	1000.000000	4406
[62]	1	2	3000.000000	10409
[63]	1	2	2000.000000	14400
[64]	1	0	64.000000	-1
[65]	1	1	744.000000	18406
******************************************************
服務次數		服務數量
109		14

第一階段分配頻寬
編號	使用狀況旗標	服務類型	服務之頻寬	檔案大小
[35]	1	2	808.000000	12975
[36]	1	1	64.000000	14610
[45]	1	1	64.000000	9124
[52]	1	1	64.000000	11381
[55]	1	1	1000.000000	2405
[57]	1	1	64.000000	17570
[60]	1	0	64.000000	-1
[61]	1	1	1000.000000	1406
[62]	1	2	3000.000000	1409
[63]	1	2	2000.000000	8400
[64]	1	0	64.000000	-1
[65]	1	1	744.000000	16174
[66]	1	0	64.000000	-1
******************************************************
服務次數		服務數量
113		13

第一階段分配頻寬
編號	使用狀況旗標	服務類型	服務之頻寬	檔案大小
[35]	1	2	808.000000	12167
[36]	1	1	64.000000	14546
[45]	1	1	64.000000	9060
[52]	1	1	64.000000	11317
[55]	1	1	1000.000000	1405
[57]	1	1	64.000000	17506
[60]	1	0	64.000000	-1
[61]	1	1	1000.000000	406
[63]	1	2	2000.000000	6400
[64]	1	0	64.000000	-1
[65]	1	1	744.000000	15430
[66]	1	0	64.000000	-1
[67]	1	2	4000.000000	20407
******************************************************
服務次數		服務數量
114		13

第一階段分配頻寬
編號	使用狀況旗標	服務類型	服務之頻寬	檔案大小
[35]	1	2	808.000000	11359
[36]	1	1	64.000000	14482
[45]	1	1	64.000000	8996
[52]	1	1	64.000000	11253
[55]	1	1	1000.000000	405
[57]	1	1	64.000000	17442
[60]	1	0	64.000000	-1
[63]	1	2	2000.000000	4400
[65]	1	1	744.000000	14686
[66]	1	0	64.000000	-1
[67]	1	2	4000.000000	16407
[68]	1	2	1064.000000	28405
******************************************************
服務次數		服務數量
116		12

第一階段分配頻寬
編號	使用狀況旗標	服務類型	服務之頻寬	檔案大小
[35]	1	2	808.000000	10551
[36]	1	1	64.000000	14418
[45]	1	1	64.000000	8932
[52]	1	1	64.000000	11189
[57]	1	1	64.000000	17378
[60]	1	0	64.000000	-1
[63]	1	2	2000.000000	2400
[65]	1	1	744.000000	13942
[67]	1	2	4000.000000	12407
[68]	1	2	1064.000000	27341
[69]	1	2	1064.000000	36405
******************************************************
服務次數		服務數量
118		11

第一階段分配頻寬
編號	使用狀況旗標	服務類型	服務之頻寬	檔案大小
[35]	1	2	808.000000	8935
[36]	1	1	64.000000	14290
[45]	1	1	64.000000	8804
[52]	1	1	64.000000	11061
[57]	1	1	64.000000	17250
[60]	1	0	64.000000	-1
[65]	1	1	744.000000	12454
[67]	1	2	4000.000000	4407
[68]	1	2	1064.000000	25213
[69]	1	2	1064.000000	34277
[70]	1	2	2000.000000	4409
******************************************************
服務次數		服務數量
121		11

第一階段分配頻寬
編號	使用狀況旗標	服務類型	服務之頻寬	檔案大小
[35]	1	2	808.000000	7319
[36]	1	1	64.000000	14162
[45]	1	1	64.000000	8676
[52]	1	1	64.000000	10933
[57]	1	1	64.000000	17122
[65]	1	1	744.000000	10966
[68]	1	2	1064.000000	23085
[69]	1	2	1064.000000	32149
[70]	1	2	2000.000000	409
[71]	1	0	64.000000	-1
******************************************************
服務次數		服務數量
123		10

第一階段分配頻寬
編號	使用狀況旗標	服務類型	服務之頻寬	檔案大小
[35]	1	2	808.000000	7319
[36]	1	1	64.000000	14162
[45]	1	1	64.000000	8676
[52]	1	1	64.000000	10933
[57]	1	1	64.000000	17122
[65]	1	1	744.000000	10966
[68]	1	2	1064.000000	23085
[69]	1	2	1064.000000	32149
[70]	1	2	2000.000000	409
[71]	1	0	64.000000	-1
[72]	1	1	1000.000000	14408
******************************************************
服務次數		服務數量
124		11

第一階段分配頻寬
編號	使用狀況旗標	服務類型	服務之頻寬	檔案大小
[35]	1	2	808.000000	7319
[36]	1	1	64.000000	14162
[45]	1	1	64.000000	8676
[52]	1	1	64.000000	10933
[57]	1	1	64.000000	17122
[65]	1	1	744.000000	10966
[68]	1	2	1064.000000	23085
[69]	1	2	1064.000000	32149
[70]	1	2	2000.000000	409
[71]	1	0	64.000000	-1
[72]	1	1	1000.000000	14408
[73]	1	0	64.000000	-1
******************************************************
服務次數		服務數量
125		12

第一階段分配頻寬
編號	使用狀況旗標	服務類型	服務之頻寬	檔案大小
[35]	1	2	808.000000	7319
[36]	1	1	64.000000	14162
[45]	1	1	64.000000	8676
[52]	1	1	64.000000	10933
[57]	1	1	64.000000	17122
[65]	1	1	744.000000	10966
[68]	1	2	1064.000000	23085
[69]	1	2	1064.000000	32149
[70]	1	2	2000.000000	409
[71]	1	0	64.000000	-1
[72]	1	1	1000.000000	14408
[73]	1	0	64.000000	-1
[74]	1	0	64.000000	-1
******************************************************
服務次數		服務數量
126		13

第一階段分配頻寬
編號	使用狀況旗標	服務類型	服務之頻寬	檔案大小
[35]	1	2	808.000000	6511
[36]	1	1	64.000000	14098
[45]	1	1	64.000000	8612
[52]	1	1	64.000000	10869
[57]	1	1	64.000000	17058
[65]	1	1	744.000000	10222
[68]	1	2	1064.000000	22021
[69]	1	2	1064.000000	31085
[71]	1	0	64.000000	-1
[72]	1	1	1000.000000	13408
[73]	1	0	64.000000	-1
[74]	1	0	64.000000	-1
[75]	1	1	1000.000000	12400
******************************************************
服務次數		服務數量
127		13

第一階段分配頻寬
編號	使用狀況旗標	服務類型	服務之頻寬	檔案大小
[35]	1	2	808.000000	6511
[36]	1	1	64.000000	14098
[45]	1	1	64.000000	8612
[52]	1	1	64.000000	10869
[57]	1	1	64.000000	17058
[65]	1	1	744.000000	10222
[68]	1	2	1064.000000	22021
[69]	1	2	1064.000000	31085
[71]	1	0	64.000000	-1
[72]	1	1	1000.000000	13408
[73]	1	0	64.000000	-1
[74]	1	0	64.000000	-1
[75]	1	1	1000.000000	12400
[76]	1	0	64.000000	-1
******************************************************
服務次數		服務數量
128		14

第一階段分配頻寬
編號	使用狀況旗標	服務類型	服務之頻寬	檔案大小
[35]	1	2	808.000000	6511
[36]	1	1	64.000000	14098
[45]	1	1	64.000000	8612
[52]	1	1	64.000000	10869
[57]	1	1	64.000000	17058
[65]	1	1	744.000000	10222
[68]	1	2	1064.000000	22021
[69]	1	2	1064.000000	31085
[71]	1	0	64.000000	-1
[72]	1	1	1000.000000	13408
[73]	1	0	64.000000	-1
[74]	1	0	64.000000	-1
[75]	1	1	1000.000000	12400
[76]	1	0	64.000000	-1
[77]	1	1	1000.000000	12405
******************************************************
服務次數		服務數量
129		15

第一階段分配頻寬
編號	使用狀況旗標	服務類型	服務之頻寬	檔案大小
[35]	1	2	808.000000	6511
[36]	1	1	64.000000	14098
[45]	1	1	64.000000	8612
[52]	1	1	64.000000	10869
[57]	1	1	64.000000	17058
[65]	1	1	744.000000	10222
[68]	1	2	1064.000000	22021
[69]	1	2	1064.000000	31085
[71]	1	0	64.000000	-1
[72]	1	1	1000.000000	13408
[74]	1	0	64.000000	-1
[75]	1	1	1000.000000	12400
[76]	1	0	64.000000	-1
[77]	1	1	1000.000000	12405
[78]	1	1	1000.000000	400
******************************************************
服務次數		服務數量
130		15

第一階段分配頻寬
編號	使用狀況旗標	服務類型	服務之頻寬	檔案大小
[35]	1	2	808.000000	5703
[36]	1	1	64.000000	14034
[45]	1	1	64.000000	8548
[52]	1	1	64.000000	10805
[57]	1	1	64.000000	16994
[65]	1	1	744.000000	9478
[68]	1	2	1064.000000	20957
[69]	1	2	1064.000000	30021
[72]	1	1	1000.000000	12408
[74]	1	0	64.000000	-1
[75]	1	1	1000.000000	11400
[76]	1	0	64.000000	-1
[77]	1	1	1000.000000	11405
[79]	1	2	2936.000000	12401
******************************************************
服務次數		服務數量
131		14

第一階段分配頻寬
編號	使用狀況旗標	服務類型	服務之頻寬	檔案大小
[35]	1	2	808.000000	5703
[36]	1	1	64.000000	14034
[45]	1	1	64.000000	8548
[52]	1	1	64.000000	10805
[57]	1	1	64.000000	16994
[65]	1	1	744.000000	9478
[68]	1	2	1064.000000	20957
[69]	1	2	1064.000000	30021
[72]	1	1	1000.000000	12408
[75]	1	1	1000.000000	11400
[76]	1	0	64.000000	-1
[77]	1	1	1000.000000	11405
[79]	1	2	2936.000000	12401
[80]	1	0	64.000000	-1
******************************************************
服務次數		服務數量
132		14

第一階段分配頻寬
編號	使用狀況旗標	服務類型	服務之頻寬	檔案大小
[35]	1	2	808.000000	5703
[36]	1	1	64.000000	14034
[45]	1	1	64.000000	8548
[52]	1	1	64.000000	10805
[57]	1	1	64.000000	16994
[65]	1	1	744.000000	9478
[68]	1	2	1064.000000	20957
[69]	1	2	1064.000000	30021
[72]	1	1	1000.000000	12408
[75]	1	1	1000.000000	11400
[76]	1	0	64.000000	-1
[77]	1	1	1000.000000	11405
[79]	1	2	2936.000000	12401
[81]	1	0	64.000000	-1
******************************************************
服務次數		服務數量
133		14

第一階段分配頻寬
編號	使用狀況旗標	服務類型	服務之頻寬	檔案大小
[35]	1	2	808.000000	3279
[36]	1	1	64.000000	13842
[45]	1	1	64.000000	8356
[52]	1	1	64.000000	10613
[57]	1	1	64.000000	16802
[65]	1	1	744.000000	7246
[68]	1	2	1064.000000	17765
[69]	1	2	1064.000000	26829
[72]	1	1	1000.000000	9408
[75]	1	1	1000.000000	8400
[76]	1	0	64.000000	-1
[77]	1	1	1000.000000	8405
[79]	1	2	2936.000000	3593
[82]	1	1	64.000000	404
******************************************************
服務次數		服務數量
137		14

第一階段分配頻寬
編號	使用狀況旗標	服務類型	服務之頻寬	檔案大小
[35]	1	2	808.000000	1663
[36]	1	1	64.000000	13714
[45]	1	1	64.000000	8228
[52]	1	1	64.000000	10485
[57]	1	1	64.000000	16674
[65]	1	1	744.000000	5758
[68]	1	2	1064.000000	15637
[69]	1	2	1064.000000	24701
[72]	1	1	1000.000000	7408
[75]	1	1	1000.000000	6400
[76]	1	0	64.000000	-1
[77]	1	1	1000.000000	6405
[82]	1	1	64.000000	276
[83]	1	2	2936.000000	32400
******************************************************
服務次數		服務數量
139		14

第一階段分配頻寬
編號	使用狀況旗標	服務類型	服務之頻寬	檔案大小
[36]	1	1	64.000000	13522
[45]	1	1	64.000000	8036
[52]	1	1	64.000000	10293
[57]	1	1	64.000000	16482
[65]	1	1	744.000000	3526
[68]	1	2	1064.000000	12445
[69]	1	2	1064.000000	21509
[72]	1	1	1000.000000	4408
[75]	1	1	1000.000000	3400
[76]	1	0	64.000000	-1
[77]	1	1	1000.000000	3405
[82]	1	1	64.000000	84
[83]	1	2	2936.000000	23592
[84]	1	0	64.000000	-1
******************************************************
服務次數		服務數量
143		14

第一階段分配頻寬
編號	使用狀況旗標	服務類型	服務之頻寬	檔案大小
[36]	1	1	64.000000	13522
[45]	1	1	64.000000	8036
[52]	1	1	64.000000	10293
[57]	1	1	64.000000	16482
[65]	1	1	744.000000	3526
[68]	1	2	1064.000000	12445
[69]	1	2	1064.000000	21509
[72]	1	1	1000.000000	4408
[75]	1	1	1000.000000	3400
[76]	1	0	64.000000	-1
[77]	1	1	1000.000000	3405
[82]	1	1	64.000000	84
[83]	1	2	2936.000000	23592
[84]	1	0	64.000000	-1
[85]	1	0	64.000000	-1
******************************************************
服務次數		服務數量
144		15

第一階段分配頻寬
編號	使用狀況旗標	服務類型	服務之頻寬	檔案大小
[36]	1	1	64.000000	13458
[45]	1	1	64.000000	7972
[52]	1	1	64.000000	10229
[57]	1	1	64.000000	16418
[65]	1	1	744.000000	2782
[68]	1	2	1064.000000	11381
[69]	1	2	1064.000000	20445
[72]	1	1	1000.000000	3408
[75]	1	1	1000.000000	2400
[76]	1	0	64.000000	-1
[77]	1	1	1000.000000	2405
[82]	1	1	64.000000	20
[83]	1	2	2936.000000	20656
[84]	1	0	64.000000	-1
[85]	1	0	64.000000	-1
[86]	1	0	64.000000	-1
******************************************************
服務次數		服務數量
145		16

第一階段分配頻寬
編號	使用狀況旗標	服務類型	服務之頻寬	檔案大小
[36]	1	1	64.000000	13458
[45]	1	1	64.000000	7972
[52]	1	1	64.000000	10229
[57]	1	1	64.000000	16418
[65]	1	1	744.000000	2782
[68]	1	2	1064.000000	11381
[69]	1	2	1064.000000	20445
[72]	1	1	1000.000000	3408
[75]	1	1	1000.000000	2400
[76]	1	0	64.000000	-1
[77]	1	1	1000.000000	2405
[82]	1	1	64.000000	20
[83]	1	2	2936.000000	20656
[84]	1	0	64.000000	-1
[85]	1	0	64.000000	-1
[86]	1	0	64.000000	-1
[87]	1	1	616.000000	12403
******************************************************
服務次數		服務數量
146		17

第一階段分配頻寬
編號	使用狀況旗標	服務類型	服務之頻寬	檔案大小
[36]	1	1	64.000000	13266
[45]	1	1	64.000000	7780
[52]	1	1	64.000000	10037
[57]	1	1	64.000000	16226
[65]	1	1	744.000000	550
[68]	1	2	1064.000000	8189
[69]	1	2	1064.000000	17253
[72]	1	1	1000.000000	408
[76]	1	0	64.000000	-1
[83]	1	2	2936.000000	11848
[84]	1	0	64.000000	-1
[85]	1	0	64.000000	-1
[86]	1	0	64.000000	-1
[87]	1	1	616.000000	10555
[88]	1	2	2064.000000	16403
******************************************************
服務次數		服務數量
150		15

第一階段分配頻寬
編號	使用狀況旗標	服務類型	服務之頻寬	檔案大小
[36]	1	1	64.000000	13266
[45]	1	1	64.000000	7780
[52]	1	1	64.000000	10037
[57]	1	1	64.000000	16226
[65]	1	1	744.000000	550
[68]	1	2	1064.000000	8189
[69]	1	2	1064.000000	17253
[72]	1	1	1000.000000	408
[76]	1	0	64.000000	-1
[83]	1	2	2936.000000	11848
[84]	1	0	64.000000	-1
[85]	1	0	64.000000	-1
[87]	1	1	616.000000	10555
[88]	1	2	2064.000000	16403
[89]	1	1	64.000000	14405
******************************************************
服務次數		服務數量
151		15

第一階段分配頻寬
編號	使用狀況旗標	服務類型	服務之頻寬	檔案大小
[36]	1	1	64.000000	13202
[45]	1	1	64.000000	7716
[52]	1	1	64.000000	9973
[57]	1	1	64.000000	16162
[68]	1	2	1064.000000	7125
[69]	1	2	1064.000000	16189
[76]	1	0	64.000000	-1
[83]	1	2	2936.000000	8912
[84]	1	0	64.000000	-1
[85]	1	0	64.000000	-1
[87]	1	1	616.000000	9939
[88]	1	2	2064.000000	14339
[89]	1	1	64.000000	14341
[90]	1	0	64.000000	-1
******************************************************
服務次數		服務數量
152		14

第一階段分配頻寬
編號	使用狀況旗標	服務類型	服務之頻寬	檔案大小
[36]	1	1	64.000000	13202
[45]	1	1	64.000000	7716
[52]	1	1	64.000000	9973
[57]	1	1	64.000000	16162
[68]	1	2	1064.000000	7125
[69]	1	2	1064.000000	16189
[76]	1	0	64.000000	-1
[83]	1	2	2936.000000	8912
[85]	1	0	64.000000	-1
[87]	1	1	616.000000	9939
[88]	1	2	2064.000000	14339
[89]	1	1	64.000000	14341
[90]	1	0	64.000000	-1
[91]	1	0	64.000000	-1
******************************************************
服務次數		服務數量
153		14

第一階段分配頻寬
編號	使用狀況旗標	服務類型	服務之頻寬	檔案大小
[36]	1	1	64.000000	13202
[45]	1	1	64.000000	7716
[52]	1	1	64.000000	9973
[57]	1	1	64.000000	16162
[68]	1	2	1064.000000	7125
[69]	1	2	1064.000000	16189
[76]	1	0	64.000000	-1
[83]	1	2	2936.000000	8912
[85]	1	0	64.000000	-1
[87]	1	1	616.000000	9939
[88]	1	2	2064.000000	14339
[89]	1	1	64.000000	14341
[90]	1	0	64.000000	-1
[91]	1	0	64.000000	-1
[92]	1	2	1680.000000	36400
******************************************************
服務次數		服務數量
154		15

第一階段分配頻寬
編號	使用狀況旗標	服務類型	服務之頻寬	檔案大小
[36]	1	1	64.000000	13010
[45]	1	1	64.000000	7524
[52]	1	1	64.000000	9781
[57]	1	1	64.000000	15970
[68]	1	2	1064.000000	3933
[69]	1	2	1064.000000	12997
[76]	1	0	64.000000	-1
[83]	1	2	2936.000000	104
[87]	1	1	616.000000	8091
[88]	1	2	2064.000000	8147
[89]	1	1	64.000000	14149
[90]	1	0	64.000000	-1
[91]	1	0	64.000000	-1
[92]	1	2	1680.000000	31360
[93]	1	0	64.000000	-1
******************************************************
服務次數		服務數量
157		15

第一階段分配頻寬
編號	使用狀況旗標	服務類型	服務之頻寬	檔案大小
[36]	1	1	64.000000	12946
[45]	1	1	64.000000	7460
[52]	1	1	64.000000	9717
[57]	1	1	64.000000	15906
[68]	1	2	1064.000000	2869
[69]	1	2	1064.000000	11933
[76]	1	0	64.000000	-1
[87]	1	1	616.000000	7475
[88]	1	2	2064.000000	6083
[89]	1	1	64.000000	14085
[90]	1	0	64.000000	-1
[91]	1	0	64.000000	-1
[92]	1	2	1680.000000	29680
[93]	1	0	64.000000	-1
[94]	1	1	1000.000000	14401
******************************************************
服務次數		服務數量
159		15

第一階段分配頻寬
編號	使用狀況旗標	服務類型	服務之頻寬	檔案大小
[36]	1	1	64.000000	12946
[45]	1	1	64.000000	7460
[52]	1	1	64.000000	9717
[57]	1	1	64.000000	15906
[68]	1	2	1064.000000	2869
[69]	1	2	1064.000000	11933
[76]	1	0	64.000000	-1
[87]	1	1	616.000000	7475
[88]	1	2	2064.000000	6083
[89]	1	1	64.000000	14085
[90]	1	0	64.000000	-1
[91]	1	0	64.000000	-1
[92]	1	2	1680.000000	29680
[93]	1	0	64.000000	-1
[94]	1	1	1000.000000	14401
[95]	1	2	1936.000000	4407
******************************************************
服務次數		服務數量
160		16

第一階段分配頻寬
編號	使用狀況旗標	服務類型	服務之頻寬	檔案大小
[36]	1	1	64.000000	12946
[45]	1	1	64.000000	7460
[52]	1	1	64.000000	9717
[57]	1	1	64.000000	15906
[68]	1	2	1064.000000	2869
[69]	1	2	1064.000000	11933
[76]	1	0	64.000000	-1
[87]	1	1	616.000000	7475
[88]	1	2	2064.000000	6083
[89]	1	1	64.000000	14085
[90]	1	0	64.000000	-1
[91]	1	0	64.000000	-1
[92]	1	2	1680.000000	29680
[94]	1	1	1000.000000	14401
[95]	1	2	1936.000000	4407
[96]	1	0	64.000000	-1
******************************************************
服務次數		服務數量
161		16

第一階段分配頻寬
編號	使用狀況旗標	服務類型	服務之頻寬	檔案大小
[36]	1	1	64.000000	12754
[45]	1	1	64.000000	7268
[52]	1	1	64.000000	9525
[57]	1	1	64.000000	15714
[69]	1	2	1064.000000	8741
[76]	1	0	64.000000	-1
[87]	1	1	616.000000	5627
[89]	1	1	64.000000	13893
[90]	1	0	64.000000	-1
[91]	1	0	64.000000	-1
[92]	1	2	1680.000000	24640
[94]	1	1	1000.000000	11401
[96]	1	0	64.000000	-1
[97]	1	1	1000.000000	16409
******************************************************
服務次數		服務數量
164		14

第一階段分配頻寬
編號	使用狀況旗標	服務類型	服務之頻寬	檔案大小
[36]	1	1	64.000000	12754
[45]	1	1	64.000000	7268
[52]	1	1	64.000000	9525
[57]	1	1	64.000000	15714
[69]	1	2	1064.000000	8741
[76]	1	0	64.000000	-1
[87]	1	1	616.000000	5627
[89]	1	1	64.000000	13893
[91]	1	0	64.000000	-1
[92]	1	2	1680.000000	24640
[94]	1	1	1000.000000	11401
[96]	1	0	64.000000	-1
[97]	1	1	1000.000000	16409
[98]	1	0	64.000000	-1
******************************************************
服務次數		服務數量
165		14

第二階段分配頻寬
編號	使用狀況旗標	服務類型	服務之頻寬	檔案大小
[36]	1	1	162.521210	12690
[45]	1	1	162.521210	7204
[52]	1	1	162.521210	9461
[57]	1	1	162.521210	15650
[69]	1	2	1094.103760	7677
[76]	1	0	64.000000	-1
[87]	1	1	714.521240	5011
[89]	1	1	162.521210	13829
[91]	1	0	64.000000	-1
[92]	1	2	1710.103760	22960
[94]	1	1	1098.521240	10401
[97]	1	1	1098.521240	15409
[98]	1	0	64.000000	-1
[99]	1	0	64.000000	-1
******************************************************
服務次數		服務數量
166		14

第二階段分配頻寬
編號	使用狀況旗標	服務類型	服務之頻寬	檔案大小
[36]	1	1	202.274216	12527
[45]	1	1	202.274216	7041
[52]	1	1	202.274216	9298
[57]	1	1	202.274216	15487
[69]	1	2	1106.250488	6582
[76]	1	0	64.000000	-1
[87]	1	1	754.274231	4296
[89]	1	1	202.274216	13666
[91]	1	0	64.000000	-1
[92]	1	2	1722.250488	21249
[94]	1	1	1138.274292	9302
[97]	1	1	1138.274292	14310
[98]	1	0	64.000000	-1
******************************************************
服務次數		服務數量
167		13

第二階段分配頻寬
編號	使用狀況旗標	服務類型	服務之頻寬	檔案大小
[36]	1	1	226.010010	12324
[45]	1	1	226.010010	6838
[52]	1	1	226.010010	9095
[57]	1	1	226.010010	15284
[69]	1	2	1113.503052	5475
[76]	1	0	64.000000	-1
[87]	1	1	778.010010	3541
[89]	1	1	226.010010	13463
[91]	1	0	64.000000	-1
[92]	1	2	1729.503052	19526
[94]	1	1	1162.010132	8163
[97]	1	1	1162.010132	13171
[98]	1	0	64.000000	-1
******************************************************
服務次數		服務數量
168		13

第二階段分配頻寬
編號	使用狀況旗標	服務類型	服務之頻寬	檔案大小
[36]	1	1	242.960999	12097
[45]	1	1	242.960999	6611
[52]	1	1	242.960999	8868
[57]	1	1	242.960999	15057
[69]	1	2	1118.682495	4361
[76]	1	0	64.000000	-1
[87]	1	1	794.960999	2762
[89]	1	1	242.960999	13236
[92]	1	2	1734.682495	17796
[94]	1	1	1178.961182	7000
[97]	1	1	1178.961182	12008
[98]	1	0	64.000000	-1
******************************************************
服務次數		服務數量
169		12

第二階段分配頻寬
編號	使用狀況旗標	服務類型	服務之頻寬	檔案大小
[36]	1	1	255.814072	11611
[45]	1	1	255.814072	6125
[52]	1	1	255.814072	8382
[57]	1	1	255.814072	14571
[69]	1	2	1122.609863	2123
[76]	1	0	64.000000	-1
[87]	1	1	807.814087	1172
[89]	1	1	255.814072	12750
[92]	1	2	1738.609863	14326
[94]	1	1	1191.814209	4642
[97]	1	1	1191.814209	9650
[98]	1	0	64.000000	-1
******************************************************
服務次數		服務數量
170		12

第二階段分配頻寬
編號	使用狀況旗標	服務類型	服務之頻寬	檔案大小
[36]	1	1	266.077789	11355
[45]	1	1	266.077789	5869
[52]	1	1	266.077789	8126
[57]	1	1	266.077789	14315
[69]	1	2	1125.745972	1000
[76]	1	0	64.000000	-1
[87]	1	1	818.077820	364
[89]	1	1	266.077789	12494
[92]	1	2	1741.745972	12587
[94]	1	1	1202.077881	3450
[97]	1	1	1202.077881	8458
[98]	1	0	64.000000	-1
******************************************************
服務次數		服務數量
171		12

第二階段分配頻寬
編號	使用狀況旗標	服務類型	服務之頻寬	檔案大小
[36]	1	1	281.301025	11088
[45]	1	1	281.301025	5602
[52]	1	1	281.301025	7859
[57]	1	1	281.301025	14048
[76]	1	0	64.000000	-1
[89]	1	1	281.301025	12227
[92]	1	2	1746.397461	10845
[94]	1	1	1217.301147	2247
[97]	1	1	1217.301147	7255
[98]	1	0	64.000000	-1
******************************************************
服務次數		服務數量
172		10

第二階段分配頻寬
編號	使用狀況旗標	服務類型	服務之頻寬	檔案大小
[36]	1	1	297.910217	10525
[45]	1	1	297.910217	5039
[52]	1	1	297.910217	7296
[57]	1	1	297.910217	13485
[76]	1	0	64.000000	-1
[89]	1	1	297.910217	11664
[92]	1	2	1751.491699	7352
[97]	1	1	1233.910400	4820
[98]	1	0	64.000000	-1
******************************************************
服務次數		服務數量
173		9

第二階段分配頻寬
編號	使用狀況旗標	服務類型	服務之頻寬	檔案大小
[36]	1	1	312.350464	10227
[45]	1	1	312.350464	4741
[52]	1	1	312.350464	6998
[57]	1	1	312.350464	13187
[76]	1	0	64.000000	-1
[89]	1	1	312.350464	11366
[92]	1	2	1755.933716	5600
[97]	1	1	1248.350708	3586
[98]	1	0	64.000000	-1
******************************************************
服務次數		服務數量
174		9

第二階段分配頻寬
編號	使用狀況旗標	服務類型	服務之頻寬	檔案大小
[36]	1	1	325.097534	9914
[45]	1	1	325.097534	4428
[52]	1	1	325.097534	6685
[57]	1	1	325.097534	12874
[76]	1	0	64.000000	-1
[89]	1	1	325.097534	11053
[92]	1	2	1759.864014	3844
[97]	1	1	1261.097778	2337
[98]	1	0	64.000000	-1
******************************************************
服務次數		服務數量
175		9

第二階段分配頻寬
編號	使用狀況旗標	服務類型	服務之頻寬	檔案大小
[36]	1	1	339.198944	9263
[45]	1	1	339.198944	3777
[52]	1	1	339.198944	6034
[57]	1	1	339.198944	12223
[76]	1	0	64.000000	-1
[89]	1	1	339.198944	10402
[92]	1	2	1764.232178	324
[98]	1	0	64.000000	-1
******************************************************
服務次數		服務數量
176		8

第二階段分配頻寬
編號	使用狀況旗標	服務類型	服務之頻寬	檔案大小
[36]	1	1	355.429230	8923
[45]	1	1	355.429230	3437
[52]	1	1	355.429230	5694
[57]	1	1	355.429230	11883
[76]	1	0	64.000000	-1
[89]	1	1	355.429230	10062
[98]	1	0	64.000000	-1
******************************************************
服務次數		服務數量
177		7

第二階段分配頻寬
編號	使用狀況旗標	服務類型	服務之頻寬	檔案大小
[36]	1	1	370.214355	8567
[45]	1	1	370.214355	3081
[52]	1	1	370.214355	5338
[57]	1	1	370.214355	11527
[76]	1	0	64.000000	-1
[89]	1	1	370.214355	9706
[98]	1	0	64.000000	-1
******************************************************
服務次數		服務數量
178		7

第二階段分配頻寬
編號	使用狀況旗標	服務類型	服務之頻寬	檔案大小
[36]	1	1	383.780396	7826
[45]	1	1	383.780396	2340
[52]	1	1	383.780396	4597
[57]	1	1	383.780396	10786
[76]	1	0	64.000000	-1
[89]	1	1	383.780396	8965
[98]	1	0	64.000000	-1
******************************************************
服務次數		服務數量
179		7

第二階段分配頻寬
編號	使用狀況旗標	服務類型	服務之頻寬	檔案大小
[36]	1	1	396.304962	7442
[45]	1	1	396.304962	1956
[52]	1	1	396.304962	4213
[57]	1	1	396.304962	10402
[76]	1	0	64.000000	-1
[89]	1	1	396.304962	8581
[98]	1	0	64.000000	-1
******************************************************
服務次數		服務數量
180		7

第二階段分配頻寬
編號	使用狀況旗標	服務類型	服務之頻寬	檔案大小
[36]	1	1	407.929962	7045
[45]	1	1	407.929962	1559
[52]	1	1	407.929962	3816
[57]	1	1	407.929962	10005
[76]	1	0	64.000000	-1
[89]	1	1	407.929962	8184
[98]	1	0	64.000000	-1
******************************************************
服務次數		服務數量
181		7

第二階段分配頻寬
編號	使用狀況旗標	服務類型	服務之頻寬	檔案大小
[36]	1	1	418.770599	6229
[45]	1	1	418.770599	743
[52]	1	1	418.770599	3000
[57]	1	1	418.770599	9189
[76]	1	0	64.000000	-1
[89]	1	1	418.770599	7368
[98]	1	0	64.000000	-1
******************************************************
服務次數		服務數量
182		7

第二階段分配頻寬
編號	使用狀況旗標	服務類型	服務之頻寬	檔案大小
[36]	1	1	429.005035	5810
[45]	1	1	429.005035	324
[52]	1	1	429.005035	2581
[57]	1	1	429.005035	8770
[89]	1	1	429.005035	6949
[98]	1	0	64.000000	-1
******************************************************
服務次數		服務數量
183		6

第二階段分配頻寬
編號	使用狀況旗標	服務類型	服務之頻寬	檔案大小
[36]	1	1	439.153168	5380
[52]	1	1	439.153168	2151
[57]	1	1	439.153168	8340
[89]	1	1	439.153168	6519
[98]	1	0	64.000000	-1
******************************************************
服務次數		服務數量
184		5

第二階段分配頻寬
編號	使用狀況旗標	服務類型	服務之頻寬	檔案大小
[36]	1	1	448.808685	4501
[52]	1	1	448.808685	1272
[57]	1	1	448.808685	7461
[89]	1	1	448.808685	5640
******************************************************
服務次數		服務數量
185		4

第二階段分配頻寬
編號	使用狀況旗標	服務類型	服務之頻寬	檔案大小
[36]	1	1	457.950500	4052
[52]	1	1	457.950500	823
[57]	1	1	457.950500	7012
[89]	1	1	457.950500	5191
******************************************************
服務次數		服務數量
186		4

第二階段分配頻寬
編號	使用狀況旗標	服務類型	服務之頻寬	檔案大小
[36]	1	1	466.628540	3594
[52]	1	1	466.628540	365
[57]	1	1	466.628540	6554
[89]	1	1	466.628540	4733
******************************************************
服務次數		服務數量
187		4

第二階段分配頻寬
編號	使用狀況旗標	服務類型	服務之頻寬	檔案大小
[36]	1	1	475.359619	2660
[57]	1	1	475.359619	5620
[89]	1	1	475.359619	3799
******************************************************
服務次數		服務數量
188		3

第二階段分配頻寬
編號	使用狀況旗標	服務類型	服務之頻寬	檔案大小
[36]	1	1	483.693939	2184
[57]	1	1	483.693939	5144
[89]	1	1	483.693939	3323
******************************************************
服務次數		服務數量
189		3

第二階段分配頻寬
編號	使用狀況旗標	服務類型	服務之頻寬	檔案大小
[36]	1	1	491.664948	1700
[57]	1	1	491.664948	4660
[89]	1	1	491.664948	2839
******************************************************
服務次數		服務數量
190		3

第二階段分配頻寬
編號	使用狀況旗標	服務類型	服務之頻寬	檔案大小
[36]	1	1	499.302124	716
[57]	1	1	499.302124	3676
[89]	1	1	499.302124	1855
******************************************************
服務次數		服務數量
191		3

第二階段分配頻寬
編號	使用狀況旗標	服務類型	服務之頻寬	檔案大小
[36]	1	1	506.631531	216
[57]	1	1	506.631531	3176
[89]	1	1	506.631531	1355
******************************************************
服務次數		服務數量
192		3

第二階段分配頻寬
編號	使用狀況旗標	服務類型	服務之頻寬	檔案大小
[57]	1	1	514.097168	2669
[89]	1	1	514.097168	848
******************************************************
服務次數		服務數量
193		2

第二階段分配頻寬
編號	使用狀況旗標	服務類型	服務之頻寬	檔案大小
[57]	1	1	521.701111	1640
******************************************************
服務次數		服務數量
194		1

第二階段分配頻寬
編號	使用狀況旗標	服務類型	服務之頻寬	檔案大小
[57]	1	1	529.041504	1118
******************************************************
服務次數		服務數量
195		1

第二階段分配頻寬
編號	使用狀況旗標	服務類型	服務之頻寬	檔案大小
[57]	1	1	536.135864	588
******************************************************
服務次數		服務數量
196		1

第二階段分配頻寬
編號	使用狀況旗標	服務類型	服務之頻寬	檔案大小
******************************************************
服務次數		服務數量
197		0

